"name"	"country_code"	2010	2015	2020	2025	2030	2035	2040	2045	2050	2055	2060	2065	2070	2075	2080	2085	2090	2095	2100
"WORLD"	900	6916183	7286200	7629851	7942659	8223268	8476119	8692917	8879091	9020278	9132760	9207566	9260019	9289677	9289734	9266711	9229141	9158625	9077799	8987685
"More developed regions"	901	1240935	1256358	1267534	1273858	1276259	1275164	1271227	1265396	1257120	1246586	1235669	1222580	1210526	1196942	1183240	1168966	1154262	1138054	1120462
"Less developed regions"	902	5675249	6028070	6357218	6662137	6936028	7184841	7402015	7588777	7737140	7854672	7937211	7998196	8030052	8045342	8023369	7989608	7927516	7867392	7782258
"Least developed countries"	941	838807	934779	1036461	1141255	1249165	1358580	1467108	1574398	1676772	1777877	1869270	1952783	2029166	2094294	2148223	2193275	2220412	2238516	2242476
"Less developed regions, excluding least developed countries"	934	4836442	5090352	5316059	5508284	5667636	5798073	5897041	5961119	5988176	5989448	5966069	5916245	5850012	5769611	5664018	5569701	5461076	5343737	5226831
"Less developed regions, excluding China"	948	4315427	4601197	4907649	5202783	5482807	5742309	5982126	6196273	6380650	6537532	6671511	6774999	6852626	6905717	6923360	6929075	6903107	6858159	6803500
"Sub-Saharan Africa"	947	831464	944818	1065615	1193163	1328602	1469949	1616611	1763709	1909801	2049706	2186299	2315488	2433066	2541436	2632216	2702819	2757367	2794274	2822844
"AFRICA"	903	1031084	1161163	1298600	1442183	1590808	1745010	1903038	2060576	2215036	2366673	2510188	2641622	2761953	2871874	2964403	3039101	3089894	3127393	3147974
"Eastern Africa"	910	342595	391683	442578	495126	549998	606766	664756	722310	777545	831720	883442	931060	974093	1009496	1041309	1066592	1089219	1101129	1106460
"Burundi"	108	9233	10626	12018	13250	14346	15369	16444	17371	18147	18758	19196	19630	19846	19969	20040	19789	19416	19005	18404
"Comoros"	174	683	757	829	897	968	1040	1102	1156	1200	1235	1265	1283	1290	1292	1280	1262	1236	1203	1161
"Djibouti"	262	834	881	922	952	972	986	992	990	979	956	927	893	853	812	765	719	677	635	591
"Eritrea"	232	5741	6604	7364	8036	8645	9237	9790	10272	10648	10903	11021	11055	11018	10918	10772	10563	10246	10009	9675
"Ethiopia"	231	87095	96877	105670	113517	120756	127514	133226	137743	140767	143158	144575	144293	142645	139957	136488	132094	126766	120869	115452
"Kenya"	404	40909	45878	50856	55802	60808	65741	70285	74388	78075	81105	83805	85957	86963	87197	87500	87034	86324	84795	82546
"Madagascar"	450	21080	23796	26701	29727	32745	35687	38475	41134	43523	45512	47227	48637	49686	50517	51366	51449	51380	51059	50150
"Malawi"	454	15014	17031	19192	21478	23800	26066	28266	30394	32309	34133	35662	37052	38094	38824	39371	39876	40135	39839	39488
"Mauritius"	480	1231	1237	1234	1221	1197	1162	1119	1067	1014	956	899	838	778	717	658	603	549	500	458
"Mayotte"	175	204	230	254	280	305	330	352	371	385	398	408	415	419	420	418	414	407	397	383
"Mozambique"	508	23967	26658	29384	32156	34910	37461	39951	42351	44606	46555	48054	49618	50835	51782	52146	52414	52101	51554	50978
"Reunion"	638	845	882	914	938	955	965	968	963	952	934	913	890	861	831	799	764	723	684	646
"Rwanda"	646	10837	12206	13594	14960	16328	17601	18798	19780	20670	21322	21865	22156	22235	22111	21938	21583	21087	20480	19755
"Seychelles"	690	91	92	93	92	92	90	88	86	82	79	75	70	66	62	57	54	50	46	42
"Somalia"	706	9636	10929	12226	13454	14583	15635	16613	17447	18172	18780	19304	19731	19950	20041	19960	19845	19549	19297	18877
"South Sudan"	728	9941	11937	13255	14396	15388	16284	17143	17888	18520	18917	19217	19412	19410	19278	19096	18664	18255	17598	17070
"Uganda"	800	33987	39415	44871	50123	55141	59806	64501	68774	72192	75447	77970	79909	81167	81871	81605	80925	79932	78244	76861
"United Republic of Tanzania"	834	44973	51428	58154	65028	72134	79327	86391	93037	99091	104626	109040	113082	116527	118936	121003	121845	120944	120370	119024
"Zambia"	894	13217	15285	17659	20259	23071	26050	29186	32433	35645	39025	42223	45270	48172	50955	53535	56078	58480	60287	62336
"Zimbabwe"	716	13077	14744	16407	17574	18585	19448	20256	20889	21338	21664	21849	21826	21568	21053	20438	19788	19052	18421	17661
"Middle Africa"	911	124978	141851	159183	176737	194159	211543	228889	245574	260884	274663	287428	298133	307580	314072	318132	319753	318220	315068	310515
"Angola"	24	19549	22634	25824	28846	31727	34227	36550	38604	40251	41783	42800	43673	44164	44082	43832	43446	42868	42036	41012
"Cameroon"	120	20624	22976	25393	27723	30040	32304	34348	36312	38070	39480	40641	41556	42176	42583	42610	42277	41808	41168	40291
"Central African Republic"	140	4350	4705	5018	5288	5529	5758	5943	6102	6198	6256	6274	6256	6204	6103	5968	5827	5647	5415	5195
"Chad"	148	11721	13321	14826	16268	17546	18826	19980	20990	21769	22363	22821	23091	23125	23086	22926	22357	21762	21069	20296
"Congo"	178	4112	4644	5164	5739	6345	6978	7609	8209	8734	9245	9699	10078	10404	10634	10785	10848	10829	10797	10626
"Democratic Republic of the Congo"	180	62191	69934	77241	83781	89567	94739	99280	103078	105822	107094	108222	108298	107364	105588	102440	98982	95040	90474	85586
"Equatorial Guinea"	226	696	784	864	933	995	1051	1104	1146	1183	1209	1225	1234	1236	1231	1214	1187	1154	1109	1067
"Gabon"	266	1556	1743	1915	2079	2236	2388	2534	2667	2778	2869	2933	2978	3002	3019	3014	2991	2931	2857	2777
"Sao Tome and Principe"	678	178	199	218	236	254	272	288	300	310	317	322	324	323	320	314	306	299	290	279
"Northern Africa"	912	199620	215072	229902	242851	254227	263811	272214	278618	283754	286698	287323	286104	283715	279749	275042	269608	263658	256860	248636
"Algeria"	12	37063	40484	42996	44843	46102	46935	47386	47560	47423	46705	45628	44100	42441	40698	38952	37194	35416	33485	31476
"Egypt"	818	78076	83176	87632	91369	94480	97039	98824	99762	100070	99521	98446	96542	94001	90743	87376	83552	79475	75222	71189
"Libya"	434	6041	6204	6525	6757	6921	7015	7077	7085	7020	6889	6714	6471	6192	5884	5559	5217	4883	4535	4202
"Morocco"	504	31642	33819	35280	36437	37135	37538	37646	37506	37069	36329	35300	34067	32727	31295	29921	28546	27167	25725	24223
"Sudan"	729	35652	38905	42728	46357	49721	52892	55636	57917	59550	60828	61534	61843	61595	60918	59596	58057	56163	54311	52172
"Tunisia"	788	10632	11199	11590	11835	11940	11931	11850	11695	11458	11133	10717	10204	9685	9094	8506	7929	7388	6899	6435
"Western Sahara"	732	515	594	671	699	717	727	727	720	707	689	663	634	602	573	541	513	484	453	424
"Southern Africa"	913	58803	60327	61324	61988	62418	62653	62759	62467	62063	61378	60359	59089	57496	55815	53660	51676	49302	47186	44714
"Botswana"	72	1969	2016	2063	2102	2138	2173	2205	2230	2244	2247	2232	2198	2147	2091	2027	1944	1855	1755	1659
"Lesotho"	426	2009	2076	2127	2161	2182	2201	2213	2220	2223	2204	2170	2128	2081	2018	1959	1886	1814	1741	1671
"Namibia"	516	2179	2344	2497	2638	2766	2869	2950	3003	3032	3048	3039	3009	2944	2869	2768	2648	2530	2410	2274
"South Africa"	710	51452	52529	53073	53339	53390	53217	52988	52462	51643	50557	49387	47978	46342	44494	42654	40537	38390	36321	34142
"Swaziland"	748	1193	1258	1306	1340	1368	1391	1412	1429	1438	1448	1444	1437	1420	1393	1361	1321	1279	1233	1194
"Western Africa"	914	305088	348084	394473	443613	495540	549555	604694	659331	713341	764975	814761	860346	904434	940107	972418	998943	1013982	1023278	1022612
"Benin"	204	9510	10692	11864	12973	14012	14942	15803	16521	17105	17525	17747	17871	17797	17601	17260	16676	16140	15456	14790
"Burkina Faso"	854	15540	17613	19692	21666	23516	25231	26823	28339	29593	30637	31508	32084	32413	32623	32535	32478	32113	31388	30447
"Cape Verde"	132	488	497	507	517	523	528	527	524	516	502	485	465	439	410	380	349	317	288	263
"Cote d'Ivoire"	384	18977	21126	23237	25335	27394	29479	31620	33620	35596	37363	38886	40275	41480	42352	42968	43341	43565	43358	42967
"Gambia"	270	1681	1958	2252	2549	2843	3124	3376	3598	3791	3952	4062	4145	4188	4207	4162	4093	3979	3845	3725
"Ghana"	288	24263	26465	28551	30429	32163	33671	34900	35775	36356	36465	36232	35793	35113	34014	32692	31199	29848	28407	26821
"Guinea"	324	10876	12127	13341	14451	15485	16426	17255	17926	18445	18793	18942	18911	18713	18400	17840	17297	16613	15851	15161
"Guinea-Bissau"	624	1587	1758	1926	2082	2222	2341	2441	2522	2582	2611	2625	2608	2567	2522	2449	2379	2282	2176	2087
"Liberia"	430	3958	4427	4886	5329	5755	6170	6560	6878	7144	7368	7557	7685	7763	7799	7775	7698	7585	7424	7223
"Mali"	466	13986	16120	18466	20911	23293	25564	27722	29849	31852	33471	34863	36133	37083	37850	38235	38418	38302	37894	37405
"Mauritania"	478	3609	4061	4490	4904	5295	5656	6001	6285	6520	6715	6843	6922	6941	6902	6813	6698	6523	6323	6144
"Niger"	562	15894	19127	22965	27332	32079	37075	42239	47645	52887	57970	63026	67845	72344	76372	79619	82516	85404	87191	88903
"Nigeria"	566	159708	182054	205686	230205	255409	280258	304610	327955	348581	367437	384188	398984	411207	417730	422757	423549	421432	418038	407847
"Saint Helena"	654	4	4	4	4	4	4	4	4	4	4	4	3	3	3	3	3	2	2	2
"Senegal"	686	12951	14893	16788	18637	20493	22328	24141	25831	27266	28534	29657	30462	31172	31524	31716	31612	31282	30693	29938
"Sierra Leone"	694	5752	6197	6585	6891	7130	7324	7464	7512	7482	7381	7206	6993	6750	6468	6135	5827	5539	5241	4947
"Togo"	768	6306	7127	7907	8659	9383	10118	10831	11516	12118	12613	12980	13308	13539	13670	13761	13715	13638	13450	13223
"ASIA"	935	4165440	4350846	4507073	4629342	4716753	4771522	4797984	4783638	4739374	4674283	4581982	4475388	4362477	4232716	4096373	3960559	3840294	3717385	3598137
"Eastern Asia"	906	1593571	1622976	1635583	1628710	1606468	1574724	1528776	1473446	1412893	1342645	1269866	1196883	1127662	1053539	986771	925655	872475	826529	784088
"China"	156	1359821	1387086	1399046	1393517	1373980	1343921	1302083	1252231	1195699	1131088	1065202	1000005	931797	868221	805123	748104	701557	656883	618364
"China, Hong Kong SAR"	344	7050	7250	7409	7511	7555	7534	7461	7345	7187	6986	6731	6442	6166	5863	5549	5240	4938	4630	4336
"China, Macao SAR"	446	535	579	612	642	666	683	693	699	700	698	689	676	657	631	602	570	540	509	477
"Dem. People's Republic of Korea"	408	24501	25033	25341	25461	25377	25094	24666	24101	23393	22584	21712	20793	19833	18982	18023	16993	15959	15000	14089
"Japan"	392	127353	125834	123212	119652	115630	111214	106492	101762	96932	92075	87206	82131	77122	72291	67558	63339	59201	55111	51656
"Mongolia"	496	2713	2912	3052	3140	3187	3201	3197	3167	3106	3013	2905	2790	2667	2545	2421	2299	2177	2036	1909
"Republic of Korea"	410	48454	49252	49568	49584	49347	48781	47780	46416	44734	42743	40627	38374	36044	33811	31573	29436	27425	25549	23734
"Other non-specified areas"	158	23146	23136	22966	22615	22072	21376	20519	19470	18308	17039	15722	14397	13066	11825	10646	9565	8526	7649	6907
"South-Central Asia"	921	1743101	1834930	1916456	1984576	2037477	2075364	2093571	2097505	2086061	2058116	2019272	1962756	1898670	1829974	1756321	1682841	1606502	1532291	1460669
"Central Asia"	5500	61694	65474	68916	71582	73520	74922	76011	76722	76815	76166	74978	73500	71760	69932	67948	66001	63964	61927	59835
"Kazakhstan"	398	15921	16524	16974	17233	17339	17357	17329	17209	16935	16569	16098	15612	15081	14529	13980	13391	12801	12247	11668
"Kyrgyzstan"	417	5334	5686	6044	6321	6509	6644	6764	6852	6880	6841	6739	6601	6427	6250	6068	5864	5658	5459	5226
"Tajikistan"	762	7627	8580	9415	10145	10768	11363	11928	12448	12830	13091	13264	13337	13343	13271	13182	13034	12784	12539	12217
"Turkmenistan"	795	5042	5277	5473	5609	5690	5707	5667	5579	5443	5257	5047	4802	4529	4250	3960	3675	3413	3183	2966
"Uzbekistan"	860	27769	29198	30385	31193	31677	31772	31566	31068	30274	29234	27924	26405	24696	23077	21392	19792	18247	16797	15423
"Southern Asia"	5501	1681407	1769006	1846655	1910365	1961134	1996496	2014393	2014260	2001806	1974145	1934172	1876405	1812567	1743714	1673088	1601044	1523902	1449838	1380695
"Afghanistan"	4	28398	32007	34903	37474	39739	41719	43269	44478	45205	45419	45039	44337	43262	41966	40008	37572	35116	32768	30605
"Bangladesh"	50	151125	157400	163144	167441	170280	171365	170746	168516	164925	160081	154096	146909	138845	130363	121485	112340	103950	95721	88216
"Bhutan"	64	717	761	789	810	823	832	832	825	812	793	767	732	694	655	615	575	537	499	464
"India"	356	1205625	1261012	1306459	1341911	1367255	1378878	1379276	1367240	1343829	1309701	1267616	1220845	1161527	1104060	1042855	983653	926139	868929	814020
"Iran (Islamic Republic of)"	364	74462	79200	82491	84417	85444	85799	85586	84788	83261	80999	78002	74437	70195	65545	60952	56212	51998	47894	44399
"Maldives"	462	326	357	380	399	413	423	430	434	435	432	424	413	397	378	357	334	311	288	266
"Nepal"	524	26846	28306	29271	30003	30482	30761	30827	30626	30197	29576	28739	27808	26690	25362	23917	22378	20818	19348	18013
"Pakistan"	586	173149	184536	195311	204648	212686	218681	222731	224455	223870	220731	215948	208982	200531	191431	180968	170771	160192	149632	140054
"Sri Lanka"	144	20759	21535	21997	22177	22159	21996	21694	21255	20663	19944	19147	18367	17520	16616	15717	14857	14001	13225	12426
"South-Eastern Asia"	920	597097	627299	653265	675105	692668	704865	711925	713268	709708	701794	690181	674624	657703	638952	617981	596569	573752	552527	531287
"Brunei Darussalam"	96	401	422	440	455	467	474	477	473	465	453	438	422	405	386	367	346	323	302	279
"Cambodia"	116	14365	15364	16259	16991	17540	17974	18260	18430	18417	18240	17943	17549	17021	16400	15680	14912	14121	13364	12651
"Indonesia"	360	240676	251591	260709	267729	272792	275712	275827	272960	267653	261139	253267	244046	234526	224854	213870	202806	191240	180180	169089
"Lao People's Democratic Republic"	418	6396	6869	7324	7727	8054	8297	8478	8543	8557	8498	8364	8140	7860	7534	7144	6729	6304	5928	5563
"Malaysia"	458	28276	30145	31698	32974	34003	34717	35122	35299	35276	34934	34405	33574	32467	31160	29757	28117	26474	24841	23281
"Myanmar"	104	51931	53282	54271	54657	54492	53750	52530	50890	48864	46564	43955	41118	38151	35441	32753	30212	27929	25669	23633
"Philippines"	608	93444	99984	106133	112041	117219	121517	124509	126002	126419	126246	125070	123066	120320	116828	113024	109122	104386	99682	95404
"Singapore"	702	5079	5580	5965	6175	6341	6451	6497	6488	6442	6352	6220	6045	5842	5610	5349	5063	4758	4432	4111
"Thailand"	764	66402	66554	66050	64968	63363	61228	58555	55451	51927	48226	44366	40620	36968	33522	30183	27042	24081	21400	18950
"Timor-Leste"	626	1079	1144	1196	1235	1266	1287	1297	1290	1268	1241	1210	1179	1147	1108	1056	1007	955	910	870
"Viet Nam"	704	89047	93164	95599	96805	97013	96475	95280	93108	90136	86438	82039	77308	72138	66899	61590	56356	51388	46848	42631
"Western Asia"	922	231671	252376	270786	286898	301153	313628	324592	333320	339416	343137	344377	343101	339514	334352	327968	320173	312441	303207	293843
"Armenia"	51	2963	2951	2904	2850	2775	2686	2583	2465	2330	2181	2027	1878	1725	1571	1421	1278	1152	1038	940
"Azerbaijan"	31	9095	9581	9872	9998	9998	9897	9730	9454	9102	8677	8225	7760	7257	6752	6239	5766	5338	4932	4534
"Bahrain"	48	1252	1341	1441	1508	1552	1587	1606	1612	1603	1577	1534	1472	1396	1309	1220	1129	1046	973	900
"Cyprus"	196	1104	1150	1185	1208	1221	1219	1208	1186	1150	1109	1059	1004	948	888	825	764	711	660	613
"Georgia"	268	4389	4260	4105	3924	3737	3552	3375	3194	3021	2848	2687	2531	2375	2217	2072	1947	1822	1704	1591
"Iraq"	368	30962	35116	39105	43018	46515	49717	52534	55136	56990	58581	59447	60038	60049	59949	59337	58328	57139	55531	53771
"Israel"	376	7420	7897	8382	8810	9200	9560	9906	10193	10401	10538	10620	10645	10623	10565	10441	10279	10086	9858	9566
"Jordan"	400	6455	7538	7759	8214	8598	8953	9228	9427	9505	9508	9426	9281	9069	8810	8523	8207	7880	7504	7086
"Kuwait"	414	2992	3541	3906	4245	4558	4852	5123	5369	5578	5734	5828	5878	5894	5861	5797	5727	5627	5510	5387
"Lebanon"	422	4341	4982	4712	4771	4788	4765	4709	4612	4477	4311	4109	3887	3641	3362	3073	2792	2515	2267	2063
"Oman"	512	2803	4150	4448	4639	4722	4721	4648	4581	4496	4374	4204	3974	3670	3317	2949	2618	2373	2198	2065
"Qatar"	634	1750	2327	2489	2579	2648	2698	2727	2730	2697	2618	2494	2326	2135	1929	1741	1577	1449	1347	1252
"Saudi Arabia"	682	27258	29328	31104	32333	33172	33800	34302	34587	34566	34138	33337	32228	30925	29455	27906	26356	24799	23249	21684
"State of Palestine"	275	4013	4461	4920	5362	5787	6164	6513	6805	7058	7243	7377	7442	7456	7403	7307	7143	6947	6761	6540
"Syrian Arab Republic"	760	21533	22265	25291	26888	28322	29539	30486	31225	31692	31837	31800	31461	30879	30101	29130	27908	26678	25279	23842
"Turkey"	792	72138	75519	77735	79528	80896	81607	81741	81247	80004	77977	75608	72846	69521	65836	61985	58029	54129	50185	46391
"United Arab Emirates"	784	8442	9564	10479	11242	11945	12626	13237	13737	14061	14159	14005	13631	13078	12378	11687	11036	10419	9821	9161
"Yemen"	887	22763	25023	27030	28702	30256	31530	32444	33067	33266	33115	32637	31859	30805	29568	27982	26319	24657	23041	21494
"EUROPE"	908	740308	740600	738122	732531	724638	715220	704797	693261	680569	666407	651198	636057	621540	607751	595519	583376	572317	560808	548886
"Eastern Europe"	923	296183	290805	284339	276225	267206	257627	248067	238198	228247	218112	207894	197770	187966	178961	171034	163932	157692	151398	144903
"Belarus"	112	9491	9171	8845	8484	8090	7673	7269	6852	6428	6017	5604	5209	4832	4497	4192	3901	3639	3380	3150
"Bulgaria"	100	7389	7059	6711	6348	5975	5602	5233	4882	4535	4199	3867	3554	3281	3036	2816	2633	2464	2317	2187
"Czech Republic"	203	10554	10680	10719	10696	10617	10518	10420	10335	10230	10105	9913	9696	9469	9259	9048	8856	8661	8446	8231
"Hungary"	348	10015	9811	9579	9312	9021	8711	8382	8084	7780	7452	7103	6747	6396	6051	5739	5422	5127	4810	4537
"Poland"	616	38199	37853	37313	36521	35477	34233	32815	31331	29828	28280	26631	24965	23187	21422	19777	18341	17063	15871	14759
"Republic of Moldova"	498	3573	3387	3219	3040	2845	2640	2432	2223	2014	1839	1667	1498	1341	1192	1065	955	861	778	702
"Romania"	642	21861	21379	20784	20068	19271	18414	17474	16533	15537	14490	13449	12367	11365	10422	9544	8793	8058	7405	6831
"Russian Federation"	643	143618	140912	137470	133064	128276	123387	118307	113018	107764	102412	97400	92368	87405	82683	78330	74243	70440	66886	63269
"Slovakia"	703	5433	5406	5350	5257	5123	4954	4765	4556	4348	4121	3880	3633	3379	3139	2915	2719	2532	2356	2190
"Ukraine"	804	46050	44255	42339	40276	38117	35897	33780	31692	29588	27517	25422	23398	21546	19857	18365	17050	15865	14735	13710
"Northern Europe"	924	98795	100953	103031	104859	106318	107530	108497	109352	110026	110357	110434	110372	110195	109832	109109	108294	107276	106070	104661
"Channel Islands"	830	160	162	165	166	168	168	168	167	165	162	158	154	150	146	141	136	130	124	117
"Denmark"	208	5551	5620	5686	5750	5809	5850	5879	5900	5911	5917	5922	5927	5915	5892	5865	5810	5740	5660	5561
"Estonia"	233	1299	1272	1243	1209	1171	1133	1098	1063	1029	994	957	920	883	848	817	790	760	733	708
"Faeroe Islands"	234	50	49	49	49	49	49	48	47	46	44	43	42	40	39	38	36	34	32	30
"Finland"	246	5368	5422	5460	5479	5471	5438	5390	5338	5289	5235	5176	5117	5056	4982	4904	4812	4706	4593	4481
"Iceland"	352	318	333	345	354	361	365	365	363	357	350	341	332	320	308	295	282	269	255	241
"Ireland"	372	4468	4689	4887	5048	5184	5303	5414	5508	5577	5608	5605	5579	5538	5493	5449	5398	5328	5251	5144
"Isle of Man"	833	84	86	89	90	91	92	93	93	93	92	91	90	89	87	85	83	81	79	77
"Latvia"	428	2091	2015	1938	1858	1782	1705	1633	1568	1504	1441	1376	1311	1251	1196	1149	1107	1064	1022	984
"Lithuania"	440	3068	2987	2909	2826	2733	2636	2536	2439	2341	2243	2141	2035	1929	1833	1739	1657	1585	1512	1439
"Norway"	578	4891	5108	5332	5508	5668	5807	5928	6031	6124	6202	6255	6293	6309	6320	6310	6282	6220	6144	6047
"Sweden"	752	9382	9624	9887	10145	10362	10547	10725	10913	11118	11296	11435	11539	11621	11679	11728	11705	11651	11557	11436
"United Kingdom"	826	62066	63371	64594	65650	66446	67075	67528	67913	68128	68039	67727	67286	66788	66169	65428	64420	63278	62127	60752
"Southern Europe"	925	154712	155417	155051	153911	152418	150687	148570	145938	142721	138727	134235	129722	125106	120950	117229	113575	110176	106935	103329
"Albania"	8	3150	3188	3196	3179	3136	3059	2949	2813	2665	2507	2342	2178	2000	1821	1645	1466	1307	1161	1040
"Andorra"	20	78	80	82	83	84	84	85	84	83	81	79	76	73	71	68	65	62	59	55
"Bosnia and Herzegovina"	70	3846	3801	3737	3651	3546	3417	3269	3113	2951	2785	2612	2440	2261	2078	1895	1723	1562	1422	1292
"Croatia"	191	4338	4214	4091	3954	3804	3646	3479	3307	3127	2947	2767	2589	2420	2255	2088	1939	1800	1671	1536
"Gibraltar"	292	29	29	29	29	28	27	27	26	25	24	23	22	21	20	19	18	18	17	16
"Greece"	300	11110	11030	10882	10722	10542	10347	10125	9868	9566	9206	8822	8416	8039	7669	7300	6947	6612	6283	5972
"Holy See"	336	1	1	1	1	1	1	1	1	1	1	1	1	1	1	1	1	1	1	1
"Italy"	380	60509	60696	60439	59804	59056	58283	57295	56236	54881	53357	51532	49665	47857	46188	44647	43169	41695	40094	38600
"Malta"	470	425	426	424	419	409	398	385	370	355	339	323	306	289	270	250	232	213	195	179
"Montenegro"	499	620	614	603	587	567	545	520	493	464	436	407	377	347	318	291	265	241	219	199
"Portugal"	620	10590	10486	10314	10082	9815	9529	9214	8856	8448	7997	7525	7029	6533	6052	5616	5211	4812	4404	4019
"San Marino"	674	31	32	32	32	32	32	31	31	30	29	29	27	26	25	24	23	22	20	19
"Serbia"	688	9647	9304	8911	8470	7989	7477	6942	6390	5817	5250	4698	4159	3633	3139	2689	2301	1952	1666	1423
"Slovenia"	705	2054	2061	2054	2034	2004	1967	1922	1871	1812	1747	1677	1604	1531	1465	1395	1328	1265	1204	1145
"Spain"	724	46182	46845	47043	46920	46649	46251	45784	45126	44101	42751	41118	39384	37687	36071	34623	33246	31916	30624	29136
"TFYR Macedonia"	807	2102	2083	2048	1996	1927	1849	1764	1670	1570	1464	1352	1244	1131	1022	920	826	737	656	591
"Western Europe"	926	190618	192021	192861	192994	192499	191534	190035	187831	185089	181980	178962	175971	173079	170349	167532	164108	160747	157385	153868
"Austria"	40	8402	8483	8549	8595	8617	8599	8553	8464	8366	8226	8058	7880	7693	7510	7306	7083	6856	6623	6366
"Belgium"	56	10941	11100	11186	11245	11278	11289	11273	11217	11135	11022	10891	10751	10609	10467	10314	10143	9970	9763	9537
"France"	250	63231	64545	65630	66481	67171	67702	68033	68195	68077	67841	67534	67153	66786	66328	65646	64876	63953	63127	62060
"Germany"	276	83017	81916	80507	78749	76622	74301	71777	68991	65996	62731	59430	56465	53659	50729	47929	45064	42449	39985	37446
"Liechtenstein"	438	36	37	38	39	40	40	41	41	41	41	40	40	40	39	38	37	36	35	34
"Luxembourg"	442	508	539	568	594	616	635	647	653	653	650	644	637	627	616	604	589	573	555	536
"Monaco"	492	37	38	39	40	42	43	44	45	46	47	48	49	49	50	50	49	49	47	46
"Netherlands"	528	16615	16725	16783	16782	16713	16556	16308	15990	15619	15230	14846	14487	14136	13808	13478	13097	12703	12327	11909
"Switzerland"	756	7831	8172	8488	8787	9048	9282	9495	9685	9848	9966	10032	10053	10040	9968	9856	9694	9479	9207	8907
"LATIN AMERICA AND THE CARIBBEAN"	904	596191	624549	649575	671160	688249	700850	708926	712458	711246	705866	696888	683577	669161	650692	631120	609703	588462	566211	544041
"Caribbean"	915	41625	42687	43536	44114	44455	44471	44147	43521	42523	41305	39938	38438	36860	35230	33582	32043	30514	28955	27560
"Anguilla"	660	14	14	15	15	15	14	14	13	13	12	11	10	10	9	8	7	7	6	5
"Antigua and Barbuda"	28	87	90	93	96	98	99	99	98	96	94	91	88	85	81	78	73	69	65	61
"Aruba"	533	102	103	103	102	101	98	95	90	86	81	76	72	67	63	58	54	49	45	40
"Bahamas"	44	360	382	398	409	417	422	423	421	416	410	401	390	378	365	351	335	319	305	288
"Barbados"	52	280	285	290	293	295	294	292	289	286	282	277	273	268	262	257	250	243	237	230
"British Virgin Islands"	92	27	28	29	30	30	31	30	30	30	29	28	27	26	25	24	22	21	20	19
"Caribbean Netherlands"	535	18	20	21	22	22	22	21	21	20	19	19	18	17	16	15	15	14	13	12
"Cayman Islands"	136	56	60	62	64	64	64	64	63	61	59	57	55	54	52	51	49	48	46	45
"Cuba"	192	11282	11126	10886	10556	10178	9732	9214	8590	7903	7161	6415	5707	5042	4444	3892	3374	2911	2509	2176
"Curacao"	531	148	163	167	169	169	167	163	159	153	147	140	134	127	121	114	108	101	95	89
"Dominica"	212	71	72	72	72	72	70	69	66	64	61	58	55	52	49	45	42	38	35	33
"Dominican Republic"	214	10017	10478	10863	11145	11330	11414	11375	11241	11007	10695	10338	9936	9495	8988	8506	7994	7446	6888	6406
"Grenada"	308	105	105	104	102	99	95	89	83	76	70	65	61	56	51	47	43	40	37	34
"Guadeloupe"	312	459	464	467	467	464	457	447	433	415	396	376	357	339	321	303	286	267	250	234
"Haiti"	332	9896	10390	10793	11117	11341	11505	11543	11480	11284	11051	10710	10264	9801	9298	8784	8272	7727	7242	6816
"Jamaica"	388	2741	2770	2782	2772	2732	2661	2560	2433	2285	2133	1969	1806	1643	1490	1333	1181	1044	928	827
"Martinique"	474	401	401	400	396	391	383	371	357	340	321	303	285	268	253	238	223	207	192	177
"Montserrat"	500	5	5	5	5	5	5	5	5	5	5	5	5	4	4	4	4	4	3	3
"Puerto Rico"	630	3710	3633	3574	3519	3454	3374	3277	3160	3030	2885	2722	2553	2390	2207	2026	1855	1685	1529	1382
"Saint Kitts and Nevis"	659	52	55	56	57	58	58	58	57	56	54	52	50	48	45	42	40	37	35	32
"Saint Lucia"	662	177	182	186	188	188	187	183	179	173	166	159	150	141	131	122	112	103	94	86
"Saint Vincent and the Grenadines"	670	109	108	106	104	102	100	98	95	92	88	84	79	75	70	65	60	55	51	47
"Sint Maarten (Dutch part)"	534	43	46	50	52	54	54	55	54	53	51	49	47	45	43	41	38	36	33	30
"Trinidad and Tobago"	780	1328	1328	1308	1269	1218	1160	1094	1020	939	855	773	691	615	545	477	419	369	324	284
"Turks and Caicos Islands"	796	31	34	36	37	38	38	38	37	36	35	33	31	29	27	25	24	22	20	18
"United States Virgin Islands"	850	106	106	105	103	100	98	95	92	89	87	84	81	79	77	74	72	69	66	63
"Central America"	916	160546	169627	177670	184802	190598	194801	197281	198514	197999	196391	193477	189205	184077	177823	171075	163715	156551	148226	140028
"Belize"	84	309	341	371	399	424	445	464	478	487	494	495	492	487	478	465	451	432	412	393
"Costa Rica"	188	4670	4928	5133	5277	5361	5399	5384	5310	5196	5043	4855	4626	4373	4098	3808	3519	3224	2932	2666
"El Salvador"	222	6218	6307	6355	6345	6295	6185	6026	5828	5577	5294	4999	4693	4359	4023	3683	3334	3016	2735	2495
"Guatemala"	320	14342	15925	17443	18847	20142	21309	22338	23273	23955	24495	24913	25164	25240	25110	24792	24279	23554	22970	22183
"Honduras"	340	7621	8256	8839	9378	9844	10253	10583	10821	10973	11045	11036	10949	10788	10557	10287	9931	9531	9124	8684
"Mexico"	484	117886	123212	127543	131076	133366	134406	134024	132356	130049	126436	121829	116510	110859	104535	97884	91279	84556	77926	71228
"Nicaragua"	558	5822	6131	6397	6605	6779	6897	6947	6932	6859	6721	6543	6319	6049	5734	5406	5064	4724	4377	4083
"Panama"	591	3678	3926	4161	4370	4548	4692	4792	4852	4885	4884	4850	4777	4681	4565	4429	4264	4092	3902	3707
"South America"	931	394021	410530	424699	436308	445060	450270	452630	452225	448510	442165	434039	422978	410814	396853	381914	366012	349408	333610	318973
"Argentina"	32	40374	41546	42517	43245	43698	43912	43839	43491	42843	41965	40781	39432	37879	36155	34366	32519	30575	28761	27044
"Bolivia (Plurinational State of)"	68	10157	10821	11441	11993	12482	12827	13063	13203	13232	13149	12980	12738	12366	11984	11527	11030	10518	10024	9595
"Brazil"	76	195210	200668	204549	206876	207354	206283	203454	198668	192754	185601	177746	168701	158492	148254	137481	127055	117058	107342	98380
"Chile"	152	17151	17680	18103	18388	18502	18434	18247	17938	17475	16910	16249	15516	14712	13879	12994	12127	11248	10429	9652
"Colombia"	170	46445	48739	50670	52174	53165	53761	53800	53354	52528	51425	49992	48298	46255	43961	41617	39164	36795	34292	31756
"Ecuador"	218	15001	15953	16828	17606	18259	18746	19101	19308	19354	19320	19123	18779	18262	17685	17021	16223	15428	14595	13799
"Falkland Islands (Malvinas)"	238	3	3	3	3	3	3	3	3	3	3	3	3	2	2	2	2	2	2	2
"French Guiana"	254	231	258	285	311	338	362	385	404	421	432	440	445	446	446	441	435	424	412	399
"Guyana"	328	786	794	797	796	788	771	744	707	662	614	564	514	466	416	370	324	284	250	225
"Paraguay"	600	6460	6903	7311	7667	7975	8225	8386	8474	8524	8501	8418	8293	8100	7863	7617	7342	7033	6740	6411
"Peru"	604	29263	30659	31983	33058	33937	34483	34735	34725	34370	33809	33003	31982	30772	29429	27919	26314	24736	23074	21528
"Suriname"	740	525	540	551	558	562	559	550	535	517	499	481	460	436	412	388	364	338	314	291
"Uruguay"	858	3372	3383	3378	3366	3340	3296	3231	3140	3031	2917	2794	2657	2515	2374	2220	2069	1930	1787	1657
"Venezuela (Bolivarian Republic of)"	862	29043	30791	32321	33583	34561	35255	35614	35691	35491	35064	34361	33452	32394	31201	29795	28240	26662	24991	23321
"NORTHERN AMERICA"	905	346501	359823	372220	383602	393697	402524	409463	415599	420997	425378	429261	432504	434728	435277	434117	432169	429125	425266	419028
"Bermuda"	60	65	65	65	65	64	63	62	61	60	59	58	57	56	55	54	53	52	51	50
"Canada"	124	34126	35736	37262	38534	39603	40488	41192	41822	42338	42675	42929	42965	42933	42699	42313	41722	40949	40108	39118
"Greenland"	304	57	56	55	53	51	49	47	44	41	39	36	34	32	29	27	24	22	21	19
"Saint Pierre and Miquelon"	666	6	6	6	6	6	6	5	5	5	5	5	5	4	4	4	4	4	4	3
"United States of America"	840	312247	323822	334510	344422	353191	360787	366766	372028	376587	380247	383168	385819	387437	387489	386007	384288	380862	376501	371186
"OCEANIA"	909	36659	39068	41371	43523	45504	47327	48949	50434	51737	52806	53636	54216	54561	54656	54501	54177	53647	52808	51808
"Australia/New Zealand"	927	26773	28274	29650	30894	31983	32922	33765	34488	35089	35521	35755	35837	35851	35697	35510	35008	34396	33706	32828
"Australia"	36	22404	23676	24854	25887	26804	27600	28302	28923	29396	29723	29951	30059	30000	29801	29503	29095	28513	27825	27023
"New Zealand"	554	4368	4580	4747	4882	4984	5048	5091	5100	5087	5040	4977	4910	4818	4718	4586	4445	4274	4099	3908
"Melanesia"	928	8729	9489	10219	10898	11528	12069	12539	12902	13156	13311	13399	13375	13262	13035	12804	12456	12068	11650	11220
"Fiji"	242	861	878	885	882	870	852	824	789	747	703	659	615	571	529	490	455	424	396	373
"New Caledonia"	540	246	260	272	283	292	300	306	310	312	312	310	307	302	294	286	276	264	250	238
"Papua New Guinea"	598	6859	7492	8105	8674	9199	9638	10017	10320	10494	10600	10611	10522	10376	10128	9853	9488	9114	8695	8308
"Solomon Islands"	90	526	573	617	658	696	731	762	783	795	803	807	805	798	786	769	753	733	708	684
"Vanuatu"	548	236	259	281	302	322	340	357	370	381	390	395	397	396	393	387	377	368	355	343
"Micronesia"	954	498	515	539	560	579	594	604	609	609	607	603	596	588	577	564	550	535	517	502
"Guam"	316	159	168	175	182	187	191	193	193	192	190	187	184	179	174	168	161	154	146	137
"Kiribati"	296	98	104	109	115	119	123	124	126	126	125	124	122	119	116	112	108	103	98	94
"Marshall Islands"	584	52	52	53	52	52	52	52	51	49	46	44	42	41	39	37	35	33	30	28
"Micronesia (Fed. States of)"	583	104	103	105	108	109	110	109	107	103	99	95	90	85	79	73	67	62	58	54
"Nauru"	520	10	10	10	10	10	10	10	10	10	9	9	9	8	8	7	7	7	6	6
"Northern Mariana Islands"	580	54	54	55	54	53	52	50	47	44	41	37	33	30	27	24	22	19	17	15
"Palau"	585	20	21	22	23	23	23	23	23	23	23	22	22	21	20	19	18	17	17	16
"Polynesia"	957	660	678	697	713	727	739	747	749	745	744	745	745	743	739	732	722	710	696	682
"American Samoa"	16	56	55	55	56	56	55	53	51	48	45	42	39	36	33	30	27	23	21	19
"Cook Islands"	184	20	21	21	21	21	21	21	20	20	20	19	18	17	17	16	15	14	13	12
"French Polynesia"	258	268	278	287	293	296	296	294	290	284	276	267	256	245	232	218	205	192	179	167
"Niue"	570	1	1	1	1	1	1	1	1	1	1	1	1	1	1	1	1	1	1	1
"Samoa"	882	186	190	193	194	195	197	198	198	195	194	195	197	199	201	200	200	197	193	189
"Tokelau"	772	1	1	1	1	1	1	1	1	1	1	1	1	1	1	1	1	1	1	1
"Tonga"	776	104	105	107	109	111	113	114	114	112	112	112	113	114	114	114	112	109	107	104
"Tuvalu"	798	10	10	10	10	10	10	10	10	10	10	10	10	10	10	10	10	10	10	9
"Wallis and Futuna Islands"	876	14	13	13	13	12	12	12	11	11	11	10	10	9	9	8	8	7	7	6
